   3.2363183e-05   2.0659802e-05  -4.0014011e-06  -3.0876661e-05  -8.3033467e-04  -8.0714724e-04  -2.3440065e-04  -9.5618819e-04  -1.7378546e-04  -4.3096123e-05   1.2835939e-08  -4.2993626e-08  -9.1539881e-08  -3.3954902e-06   2.2745455e-06   5.2823693e-06   0.0000000e+00   0.0000000e+00   0.0000000e+00   0.0000000e+00   0.0000000e+00   0.0000000e+00   0.0000000e+00   0.0000000e+00
   2.0659802e-05   2.0409718e-05  -5.0421986e-06  -2.9979290e-05  -6.5428019e-04  -9.1506785e-04  -4.7665561e-04  -6.9187849e-04  -5.7836069e-04  -3.6228847e-04  -8.4743679e-09  -1.6617770e-08  -7.4248398e-08  -2.4560038e-06   1.4117616e-06   1.6894701e-06   0.0000000e+00   0.0000000e+00   0.0000000e+00   0.0000000e+00   0.0000000e+00   0.0000000e+00   0.0000000e+00   0.0000000e+00
  -4.0014011e-06  -5.0421986e-06   7.9576639e-06   1.6461534e-05   5.6370464e-04   2.1172920e-04   2.5655812e-04   6.6490623e-04  -8.1572279e-07   3.7168714e-04  -6.8932753e-09  -1.4207694e-09   2.2476840e-08   1.6297730e-06   8.2890658e-08   2.4004853e-06   0.0000000e+00   0.0000000e+00   0.0000000e+00   0.0000000e+00   0.0000000e+00   0.0000000e+00   0.0000000e+00   0.0000000e+00
  -3.0876661e-05  -2.9979290e-05   1.6461534e-05   8.1053797e-05   1.5129712e-03   1.1001895e-03   1.0468561e-03   1.3373042e-03   8.9596442e-06   9.8902360e-04   1.9399643e-08   5.5608961e-08   1.2072037e-07   6.5231648e-06  -3.0178887e-06   5.8378882e-06   0.0000000e+00   0.0000000e+00   0.0000000e+00   0.0000000e+00   0.0000000e+00   0.0000000e+00   0.0000000e+00   0.0000000e+00
  -8.3033467e-04  -6.5428019e-04   5.6370464e-04   1.5129712e-03   9.7043790e-02   2.8019581e-02   1.7479450e-02   1.5378311e-01  -1.1236842e-02   2.4722259e-02   1.4508353e-06  -4.2355797e-08   3.3912593e-06   1.5910722e-05   2.6271331e-05   4.2039959e-05   0.0000000e+00   0.0000000e+00   0.0000000e+00   0.0000000e+00   0.0000000e+00   0.0000000e+00   0.0000000e+00   0.0000000e+00
  -8.0714724e-04  -9.1506785e-04   2.1172920e-04   1.1001895e-03   2.8019581e-02   8.7465294e-02   3.1801172e-02   4.3444309e-02   1.2390913e-01   2.8182514e-02   1.3958969e-06   2.0156715e-06   2.5305271e-06   1.2122548e-05  -1.6639951e-04  -7.0918584e-05   0.0000000e+00   0.0000000e+00   0.0000000e+00   0.0000000e+00   0.0000000e+00   0.0000000e+00   0.0000000e+00   0.0000000e+00
  -2.3440065e-04  -4.7665561e-04   2.5655812e-04   1.0468561e-03   1.7479450e-02   3.1801172e-02   5.4028574e-02   2.0400345e-02   2.9905476e-02   9.2782646e-02   7.0855538e-07   1.2641997e-06   1.0921764e-06   4.4814060e-05  -1.1405350e-04   1.0436609e-04   0.0000000e+00   0.0000000e+00   0.0000000e+00   0.0000000e+00   0.0000000e+00   0.0000000e+00   0.0000000e+00   0.0000000e+00
  -9.5618819e-04  -6.9187849e-04   6.6490623e-04   1.3373042e-03   1.5378311e-01   4.3444309e-02   2.0400345e-02   4.7154167e-01   3.0347467e-03   3.4107335e-02   1.5522165e-06  -2.6770684e-07   3.7317607e-06  -3.7092079e-05  -8.0058617e-06  -5.8233322e-06   0.0000000e+00   0.0000000e+00   0.0000000e+00   0.0000000e+00   0.0000000e+00   0.0000000e+00   0.0000000e+00   0.0000000e+00
  -1.7378546e-04  -5.7836069e-04  -8.1572279e-07   8.9596442e-06  -1.1236842e-02   1.2390913e-01   2.9905476e-02   3.0347467e-03   4.3721867e-01   2.7648129e-02   1.3053747e-06   1.2535727e-06   3.7503611e-07  -2.2787728e-05  -1.6822765e-04  -8.2484097e-05   0.0000000e+00   0.0000000e+00   0.0000000e+00   0.0000000e+00   0.0000000e+00   0.0000000e+00   0.0000000e+00   0.0000000e+00
  -4.3096123e-05  -3.6228847e-04   3.7168714e-04   9.8902360e-04   2.4722259e-02   2.8182514e-02   9.2782646e-02   3.4107335e-02   2.7648129e-02   3.3058959e-01   6.2621382e-07   8.0086977e-07   7.0392468e-07   3.2103169e-05  -1.0957057e-04   1.3984773e-04   0.0000000e+00   0.0000000e+00   0.0000000e+00   0.0000000e+00   0.0000000e+00   0.0000000e+00   0.0000000e+00   0.0000000e+00
   1.2835939e-08  -8.4743679e-09  -6.8932753e-09   1.9399643e-08   1.4508353e-06   1.3958969e-06   7.0855538e-07   1.5522165e-06   1.3053747e-06   6.2621382e-07   4.8873311e-10  -1.7299344e-11   1.5827731e-11  -2.0229551e-08   4.1040682e-09   6.3708616e-09   0.0000000e+00   0.0000000e+00   0.0000000e+00   0.0000000e+00   0.0000000e+00   0.0000000e+00   0.0000000e+00   0.0000000e+00
  -4.2993626e-08  -1.6617770e-08  -1.4207694e-09   5.5608961e-08  -4.2355797e-08   2.0156715e-06   1.2641997e-06  -2.6770684e-07   1.2535727e-06   8.0086977e-07  -1.7299344e-11   4.9968102e-10  -1.7897876e-11  -4.1712608e-10  -2.3675222e-08  -2.7616833e-09   0.0000000e+00   0.0000000e+00   0.0000000e+00   0.0000000e+00   0.0000000e+00   0.0000000e+00   0.0000000e+00   0.0000000e+00
  -9.1539881e-08  -7.4248398e-08   2.2476840e-08   1.2072037e-07   3.3912593e-06   2.5305271e-06   1.0921764e-06   3.7317607e-06   3.7503611e-07   7.0392468e-07   1.5827731e-11  -1.7897876e-11   3.5909051e-10   1.2073305e-08   3.3687625e-10  -8.7792653e-09   0.0000000e+00   0.0000000e+00   0.0000000e+00   0.0000000e+00   0.0000000e+00   0.0000000e+00   0.0000000e+00   0.0000000e+00
  -3.3954902e-06  -2.4560038e-06   1.6297730e-06   6.5231648e-06   1.5910722e-05   1.2122548e-05   4.4814060e-05  -3.7092079e-05  -2.2787728e-05   3.2103169e-05  -2.0229551e-08  -4.1712608e-10   1.2073305e-08   1.9449769e-06  -1.9188084e-07   2.0322993e-07   0.0000000e+00   0.0000000e+00   0.0000000e+00   0.0000000e+00   0.0000000e+00   0.0000000e+00   0.0000000e+00   0.0000000e+00
   2.2745455e-06   1.4117616e-06   8.2890658e-08  -3.0178887e-06   2.6271331e-05  -1.6639951e-04  -1.1405350e-04  -8.0058617e-06  -1.6822765e-04  -1.0957057e-04   4.1040682e-09  -2.3675222e-08   3.3687625e-10  -1.9188084e-07   1.5222084e-06   1.5778799e-07   0.0000000e+00   0.0000000e+00   0.0000000e+00   0.0000000e+00   0.0000000e+00   0.0000000e+00   0.0000000e+00   0.0000000e+00
   5.2823693e-06   1.6894701e-06   2.4004853e-06   5.8378882e-06   4.2039959e-05  -7.0918584e-05   1.0436609e-04  -5.8233322e-06  -8.2484097e-05   1.3984773e-04   6.3708616e-09  -2.7616833e-09  -8.7792653e-09   2.0322993e-07   1.5778799e-07   3.3787628e-06   0.0000000e+00   0.0000000e+00   0.0000000e+00   0.0000000e+00   0.0000000e+00   0.0000000e+00   0.0000000e+00   0.0000000e+00
   0.0000000e+00   0.0000000e+00   0.0000000e+00   0.0000000e+00   0.0000000e+00   0.0000000e+00   0.0000000e+00   0.0000000e+00   0.0000000e+00   0.0000000e+00   0.0000000e+00   0.0000000e+00   0.0000000e+00   0.0000000e+00   0.0000000e+00   0.0000000e+00   6.4008514e+01   0.0000000e+00   0.0000000e+00   0.0000000e+00   0.0000000e+00   0.0000000e+00   0.0000000e+00   0.0000000e+00
   0.0000000e+00   0.0000000e+00   0.0000000e+00   0.0000000e+00   0.0000000e+00   0.0000000e+00   0.0000000e+00   0.0000000e+00   0.0000000e+00   0.0000000e+00   0.0000000e+00   0.0000000e+00   0.0000000e+00   0.0000000e+00   0.0000000e+00   0.0000000e+00   0.0000000e+00   6.4008514e+01   0.0000000e+00   0.0000000e+00   0.0000000e+00   0.0000000e+00   0.0000000e+00   0.0000000e+00
   0.0000000e+00   0.0000000e+00   0.0000000e+00   0.0000000e+00   0.0000000e+00   0.0000000e+00   0.0000000e+00   0.0000000e+00   0.0000000e+00   0.0000000e+00   0.0000000e+00   0.0000000e+00   0.0000000e+00   0.0000000e+00   0.0000000e+00   0.0000000e+00   0.0000000e+00   0.0000000e+00   4.0000000e+02   0.0000000e+00   0.0000000e+00   0.0000000e+00   0.0000000e+00   0.0000000e+00
   0.0000000e+00   0.0000000e+00   0.0000000e+00   0.0000000e+00   0.0000000e+00   0.0000000e+00   0.0000000e+00   0.0000000e+00   0.0000000e+00   0.0000000e+00   0.0000000e+00   0.0000000e+00   0.0000000e+00   0.0000000e+00   0.0000000e+00   0.0000000e+00   0.0000000e+00   0.0000000e+00   0.0000000e+00   4.0000000e+02   0.0000000e+00   0.0000000e+00   0.0000000e+00   0.0000000e+00
   0.0000000e+00   0.0000000e+00   0.0000000e+00   0.0000000e+00   0.0000000e+00   0.0000000e+00   0.0000000e+00   0.0000000e+00   0.0000000e+00   0.0000000e+00   0.0000000e+00   0.0000000e+00   0.0000000e+00   0.0000000e+00   0.0000000e+00   0.0000000e+00   0.0000000e+00   0.0000000e+00   0.0000000e+00   0.0000000e+00   4.0000000e+02   0.0000000e+00   0.0000000e+00   0.0000000e+00
   0.0000000e+00   0.0000000e+00   0.0000000e+00   0.0000000e+00   0.0000000e+00   0.0000000e+00   0.0000000e+00   0.0000000e+00   0.0000000e+00   0.0000000e+00   0.0000000e+00   0.0000000e+00   0.0000000e+00   0.0000000e+00   0.0000000e+00   0.0000000e+00   0.0000000e+00   0.0000000e+00   0.0000000e+00   0.0000000e+00   0.0000000e+00   4.0123849e+02   0.0000000e+00   0.0000000e+00
   0.0000000e+00   0.0000000e+00   0.0000000e+00   0.0000000e+00   0.0000000e+00   0.0000000e+00   0.0000000e+00   0.0000000e+00   0.0000000e+00   0.0000000e+00   0.0000000e+00   0.0000000e+00   0.0000000e+00   0.0000000e+00   0.0000000e+00   0.0000000e+00   0.0000000e+00   0.0000000e+00   0.0000000e+00   0.0000000e+00   0.0000000e+00   0.0000000e+00   4.0123849e+02   0.0000000e+00
   0.0000000e+00   0.0000000e+00   0.0000000e+00   0.0000000e+00   0.0000000e+00   0.0000000e+00   0.0000000e+00   0.0000000e+00   0.0000000e+00   0.0000000e+00   0.0000000e+00   0.0000000e+00   0.0000000e+00   0.0000000e+00   0.0000000e+00   0.0000000e+00   0.0000000e+00   0.0000000e+00   0.0000000e+00   0.0000000e+00   0.0000000e+00   0.0000000e+00   0.0000000e+00   4.0123849e+02
