   2.2169571820995770e-05   1.4312337953015231e-05  -4.5005776883044746e-06  -2.6591034838929772e-05  -6.1611447017639875e-04  -5.2934000268578529e-04  -2.1209688566159457e-04  -5.9495156165212393e-04   3.4961496567120776e-05  -9.4544207968283445e-05   1.0036067976670893e-08  -3.1425859248201959e-08  -6.2707584902454983e-08  -2.8646477403526660e-06   1.6092312762339134e-06   2.2542503756994847e-06  -1.0813564585987478e-04  -1.2343371054157615e-04   3.8440956268459558e-03   2.8136777691543102e-03  -3.2889475114643574e-03  -3.8804754149168730e-03   1.6315606189891696e-03  -3.7642889656126499e-03
   1.4312337953015231e-05   1.4836280570307281e-05  -3.9786086745152716e-06  -2.2685346266371198e-05  -4.2494313674978912e-04  -6.5063702641054988e-04  -3.6178846494294703e-04  -3.4955033333972096e-04  -3.4372639493085444e-04  -2.7045269962400198e-04  -9.4985095344668480e-09  -1.0252499293983419e-08  -4.6400398190371561e-08  -1.8355160591454478e-06   9.2066284196334891e-07   7.0975409016682534e-07  -8.1845864770002663e-05  -1.0785349149955437e-04   2.3816204629838467e-03   2.3167696781456470e-03  -1.0188799351453781e-03  -1.5377697127405554e-04  -2.2974460080149584e-05  -9.9205656442791224e-04
  -4.5005776883044746e-06  -3.9786086745152716e-06   6.5481544879730791e-06   1.3077829862595536e-05   4.4091040035709739e-04   1.3892338029108942e-04   1.7038747319020331e-04   4.5373593457043171e-04  -8.8421584223397076e-05   2.5218381779268384e-04  -2.5538953174475409e-09  -3.1020459534403244e-09   7.8066566544521265e-09   1.6415854133811081e-06   8.6742204530310119e-08   1.5855123365327017e-06   4.1501996747683734e-05   4.1630031773820519e-05   2.7643963694572449e-03  -3.8856850005686283e-03  -2.8737371321767569e-03   5.6785292690619826e-04   3.4522198257036507e-04  -1.4656399143859744e-03
  -2.6591034838929772e-05  -2.2685346266371198e-05   1.3077829862595536e-05   6.5529318817425519e-05   1.1705312645062804e-03   7.8425189713016152e-04   7.6157820876687765e-04   8.6892675608396530e-04  -2.8579001082107425e-04   6.6342146601527929e-04   3.3350485040273270e-08   4.0730025574475803e-08   5.7481020832028662e-08   5.6105332078004722e-06  -2.5528895548632136e-06   4.7012326831463724e-06   1.5383424761239439e-04   2.3740624601487070e-04   3.5122539848089218e-03  -1.5504252165555954e-02  -8.0171981826424599e-03  -2.6807482354342937e-03  -5.9952037408947945e-03  -2.6975492946803570e-03
  -6.1611447017639875e-04  -4.2494313674978912e-04   4.4091040035709739e-04   1.1705312645062804e-03   7.4757054448127747e-02   1.2776937335729599e-02   1.0338056832551956e-02   1.1199730634689331e-01  -2.4986885488033295e-02   1.6471073031425476e-02   1.2687430626101559e-06  -2.7108725930702349e-07   1.9488838916004170e-06   2.6091856852872297e-05   3.8799327739980072e-05   5.1280581828905270e-05   8.9264158159494400e-03   5.1475060172379017e-03   1.9825217127799988e-01  -2.8163754940032959e-01  -9.4305992126464844e-02  -8.0226555466651917e-02   1.0339327156543732e-01  -3.7350274622440338e-02
  -5.2934000268578529e-04  -6.5063702641054988e-04   1.3892338029108942e-04   7.8425189713016152e-04   1.2776937335729599e-02   6.9214217364788055e-02   2.4792924523353577e-02   1.7128320410847664e-02   1.0321661829948425e-01   2.1880701184272766e-02   1.1524899719006498e-06   1.6778667486505583e-06   1.5814790685908520e-06  -1.3608839708467713e-06  -1.3284510350786150e-04  -3.3337244531139731e-05   4.3004304170608521e-03   6.3769207336008549e-03  -1.1171185970306396e-01   1.0786899179220200e-01   1.4372025430202484e-01  -1.1488241702318192e-01  -1.6024936735630035e-01   8.4977775812149048e-02
  -2.1209688566159457e-04  -3.6178846494294703e-04   1.7038747319020331e-04   7.6157820876687765e-04   1.0338056832551956e-02   2.4792924523353577e-02   4.6849902719259262e-02   9.8956460133194923e-03   2.2148072719573975e-02   8.3507269620895386e-02   8.5823484141656081e-07   1.0587506267256686e-06   2.7698041549228947e-07   3.0762665119254962e-05  -1.0018795728683472e-04   6.0030237364117056e-05   1.6005920479074121e-03   2.4908741470426321e-03   6.5159715712070465e-02  -7.7738113701343536e-02  -8.1636823713779449e-02  -1.2764132022857666e-01  -1.7293688654899597e-01  -5.1980901509523392e-02
  -5.9495156165212393e-04  -3.4955033333972096e-04   4.5373593457043171e-04   8.6892675608396530e-04   1.1199730634689331e-01   1.7128320410847664e-02   9.8956460133194923e-03   3.8419297337532043e-01  -1.7007105052471161e-02   2.1876864135265350e-02   1.1071864491896122e-06  -4.5427680106513435e-07   2.0459297047636937e-06  -1.5933292161207646e-05   1.9428276573307812e-05   1.6226056686718948e-05   2.0409304648637772e-02   5.5220047943294048e-03   2.4799449741840363e-01  -1.4793521165847778e-01   1.3940778560936451e-02  -4.6756245195865631e-02   1.5349972248077393e-01   1.5970669686794281e-02
   3.4961496567120776e-05  -3.4372639493085444e-04  -8.8421584223397076e-05  -2.8579001082107425e-04  -2.4986885488033295e-02   1.0321661829948425e-01   2.2148072719573975e-02  -1.7007105052471161e-02   4.0640380978584290e-01   2.0011560991406441e-02   7.5702030244428897e-07   1.1633406984401518e-06   1.2136457172573500e-08  -3.4662098187254742e-05  -1.3891851995140314e-04  -7.1696325903758407e-05   9.6695125102996826e-04   1.5917791053652763e-02  -2.2075623273849487e-01   4.3992042541503906e-01   2.2230386734008789e-01  -1.1899144202470779e-01  -1.2060657888650894e-01   8.5357390344142914e-02
  -9.4544207968283445e-05  -2.7045269962400198e-04   2.5218381779268384e-04   6.6342146601527929e-04   1.6471073031425476e-02   2.1880701184272766e-02   8.3507269620895386e-02   2.1876864135265350e-02   2.0011560991406441e-02   3.1745305657386780e-01   8.2038144455509610e-07   6.8037269329579431e-07  -1.1133754895809034e-07   1.9570126823964529e-05  -9.8696727945934981e-05   6.1289763834793121e-05   1.1313908034935594e-03   1.8595597939565778e-03   1.6930511593818665e-01  -7.5878351926803589e-02  -1.2504355609416962e-01  -1.3614486157894135e-01  -1.3988235592842102e-01  -9.2496223747730255e-02
   1.0036067976670893e-08  -9.4985095344668480e-09  -2.5538953174475409e-09   3.3350485040273270e-08   1.2687430626101559e-06   1.1524899719006498e-06   8.5823484141656081e-07   1.1071864491896122e-06   7.5702030244428897e-07   8.2038144455509610e-07   4.0595071748583678e-10  -9.1802537793839178e-12   9.9778310613807264e-12  -1.5512107154336263e-08   2.7156490389756982e-09   8.9980218831442471e-09   1.9326267874930636e-07   3.1271875400307181e-07   1.3676896742254030e-05  -6.6929965214512777e-06  -9.5812056315480731e-06  -4.9577134632272646e-05   2.7910414246434812e-07  -1.1380978321540169e-05
  -3.1425859248201959e-08  -1.0252499293983419e-08  -3.1020459534403244e-09   4.0730025574475803e-08  -2.7108725930702349e-07   1.6778667486505583e-06   1.0587506267256686e-06  -4.5427680106513435e-07   1.1633406984401518e-06   6.8037269329579431e-07  -9.1802537793839178e-12   4.2789694010281210e-10  -7.7538869422411061e-12  -1.9469057477294882e-09  -2.0577992643211473e-08  -1.7694109510912881e-09   1.0938649097624875e-07   5.7600736624863202e-08  -5.6897374633990694e-06   9.9742619568132795e-06   1.4908556295267772e-05  -1.5172240637184586e-06  -5.4117575928103179e-05   1.5067123968037777e-05
  -6.2707584902454983e-08  -4.6400398190371561e-08   7.8066566544521265e-09   5.7481020832028662e-08   1.9488838916004170e-06   1.5814790685908520e-06   2.7698041549228947e-07   2.0459297047636937e-06   1.2136457172573500e-08  -1.1133754895809034e-07   9.9778310613807264e-12  -7.7538869422411061e-12   2.5533550274126071e-10   4.5827928119024364e-09   1.4396934755467328e-09  -1.1449405867836049e-08   3.5768434258898196e-07   3.9846307231528044e-07  -1.5675797840231098e-05  -3.1234487778419862e-06   1.5710073057562113e-05   8.4147750385454856e-06   1.2315164894971531e-05   1.1580103091546334e-05
  -2.8646477403526660e-06  -1.8355160591454478e-06   1.6415854133811081e-06   5.6105332078004722e-06   2.6091856852872297e-05  -1.3608839708467713e-06   3.0762665119254962e-05  -1.5933292161207646e-05  -3.4662098187254742e-05   1.9570126823964529e-05  -1.5512107154336263e-08  -1.9469057477294882e-09   4.5827928119024364e-09   1.7855086298368406e-06  -1.3481079008670349e-07   2.7544240310817258e-07  -5.9418863429527846e-07   1.9231230908189900e-05  -3.0108742066659033e-04  -1.9163612741976976e-03  -1.0223869467154145e-03   2.2042193450033665e-03   1.0130497685167938e-04  -1.8232839647680521e-04
   1.6092312762339134e-06   9.2066284196334891e-07   8.6742204530310119e-08  -2.5528895548632136e-06   3.8799327739980072e-05  -1.3284510350786150e-04  -1.0018795728683472e-04   1.9428276573307812e-05  -1.3891851995140314e-04  -9.8696727945934981e-05   2.7156490389756982e-09  -2.0577992643211473e-08   1.4396934755467328e-09  -1.3481079008670349e-07   1.3480503184837289e-06   2.7367343946593792e-09  -3.2333866784028942e-06  -1.1948634437430883e-06   3.9845527498982847e-04  -5.6790740927681327e-04  -6.0584908351302147e-04  -1.6773123934399337e-04   2.8775914106518030e-03  -7.0977403083816171e-04
   2.2542503756994847e-06   7.0975409016682534e-07   1.5855123365327017e-06   4.7012326831463724e-06   5.1280581828905270e-05  -3.3337244531139731e-05   6.0030237364117056e-05   1.6226056686718948e-05  -7.1696325903758407e-05   6.1289763834793121e-05   8.9980218831442471e-09  -1.7694109510912881e-09  -1.1449405867836049e-08   2.7544240310817258e-07   2.7367343946593792e-09   2.0650199985539075e-06  -4.3707018448913004e-06   4.4007711039739661e-06   2.4382162373512983e-03  -2.5346465408802032e-03  -3.1005612108856440e-03  -1.7533415229991078e-03  -8.4868515841662884e-04  -1.9784665200859308e-03
  -1.0813564585987478e-04  -8.1845864770002663e-05   4.1501996747683734e-05   1.5383424761239439e-04   8.9264158159494400e-03   4.3004304170608521e-03   1.6005920479074121e-03   2.0409304648637772e-02   9.6695125102996826e-04   1.1313908034935594e-03   1.9326267874930636e-07   1.0938649097624875e-07   3.5768434258898196e-07  -5.9418863429527846e-07  -3.2333866784028942e-06  -4.3707018448913004e-06   1.8134729936718941e-02   1.2625720119103789e-03   3.6365077830851078e-03  -1.6849197447299957e-02   1.3810077682137489e-02  -1.0891011916100979e-02   5.4367928532883525e-04   8.9181438088417053e-03
  -1.2343371054157615e-04  -1.0785349149955437e-04   4.1630031773820519e-05   2.3740624601487070e-04   5.1475060172379017e-03   6.3769207336008549e-03   2.4908741470426321e-03   5.5220047943294048e-03   1.5917791053652763e-02   1.8595597939565778e-03   3.1271875400307181e-07   5.7600736624863202e-08   3.9846307231528044e-07   1.9231230908189900e-05  -1.1948634437430883e-06   4.4007711039739661e-06   1.2625720119103789e-03   2.4294041097164154e-02  -9.0669477358460426e-03  -5.0953533500432968e-02  -1.2698077596724033e-02  -2.4402722716331482e-02   4.9437945708632469e-03  -5.2239554934203625e-03
   3.8440956268459558e-03   2.3816204629838467e-03   2.7643963694572449e-03   3.5122539848089218e-03   1.9825217127799988e-01  -1.1171185970306396e-01   6.5159715712070465e-02   2.4799449741840363e-01  -2.2075623273849487e-01   1.6930511593818665e-01   1.3676896742254030e-05  -5.6897374633990694e-06  -1.5675797840231098e-05  -3.0108742066659033e-04   3.9845527498982847e-04   2.4382162373512983e-03   3.6365077830851078e-03  -9.0669477358460426e-03   1.5503100395202637e+01  -3.1789693832397461e+00  -3.4764784574508667e-01   2.0595660805702209e-01  -1.9362021684646606e+00  -5.6162490844726562e+00
   2.8136777691543102e-03   2.3167696781456470e-03  -3.8856850005686283e-03  -1.5504252165555954e-02  -2.8163754940032959e-01   1.0786899179220200e-01  -7.7738113701343536e-02  -1.4793521165847778e-01   4.3992042541503906e-01  -7.5878351926803589e-02  -6.6929965214512777e-06   9.9742619568132795e-06  -3.1234487778419862e-06  -1.9163612741976976e-03  -5.6790740927681327e-04  -2.5346465408802032e-03  -1.6849197447299957e-02  -5.0953533500432968e-02  -3.1789693832397461e+00   1.9108572006225586e+01  -8.8886213302612305e+00   7.9395228624343872e-01   8.3228893280029297e+00   1.4689486503601074e+01
  -3.2889475114643574e-03  -1.0188799351453781e-03  -2.8737371321767569e-03  -8.0171981826424599e-03  -9.4305992126464844e-02   1.4372025430202484e-01  -8.1636823713779449e-02   1.3940778560936451e-02   2.2230386734008789e-01  -1.2504355609416962e-01  -9.5812056315480731e-06   1.4908556295267772e-05   1.5710073057562113e-05  -1.0223869467154145e-03  -6.0584908351302147e-04  -3.1005612108856440e-03   1.3810077682137489e-02  -1.2698077596724033e-02  -3.4764784574508667e-01  -8.8886213302612305e+00   1.4109277343750000e+02   1.3591450452804565e+00  -5.6080551147460937e+01  -1.1535971832275391e+02
  -3.8804754149168730e-03  -1.5377697127405554e-04   5.6785292690619826e-04  -2.6807482354342937e-03  -8.0226555466651917e-02  -1.1488241702318192e-01  -1.2764132022857666e-01  -4.6756245195865631e-02  -1.1899144202470779e-01  -1.3614486157894135e-01  -4.9577134632272646e-05  -1.5172240637184586e-06   8.4147750385454856e-06   2.2042193450033665e-03  -1.6773123934399337e-04  -1.7533415229991078e-03  -1.0891011916100979e-02  -2.4402722716331482e-02   2.0595660805702209e-01   7.9395228624343872e-01   1.3591450452804565e+00   1.8004682540893555e+01   1.0656661987304687e+00   2.4799933433532715e+00
   1.6315606189891696e-03  -2.2974460080149584e-05   3.4522198257036507e-04  -5.9952037408947945e-03   1.0339327156543732e-01  -1.6024936735630035e-01  -1.7293688654899597e-01   1.5349972248077393e-01  -1.2060657888650894e-01  -1.3988235592842102e-01   2.7910414246434812e-07  -5.4117575928103179e-05   1.2315164894971531e-05   1.0130497685167938e-04   2.8775914106518030e-03  -8.4868515841662884e-04   5.4367928532883525e-04   4.9437945708632469e-03  -1.9362021684646606e+00   8.3228893280029297e+00  -5.6080551147460937e+01   1.0656661987304687e+00   4.2214447021484375e+01   4.7958011627197266e+01
  -3.7642889656126499e-03  -9.9205656442791224e-04  -1.4656399143859744e-03  -2.6975492946803570e-03  -3.7350274622440338e-02   8.4977775812149048e-02  -5.1980901509523392e-02   1.5970669686794281e-02   8.5357390344142914e-02  -9.2496223747730255e-02  -1.1380978321540169e-05   1.5067123968037777e-05   1.1580103091546334e-05  -1.8232839647680521e-04  -7.0977403083816171e-04  -1.9784665200859308e-03   8.9181438088417053e-03  -5.2239554934203625e-03  -5.6162490844726562e+00   1.4689486503601074e+01  -1.1535971832275391e+02   2.4799933433532715e+00   4.7958011627197266e+01   1.1721215057373047e+02
