   3.2770611e-05   2.0831794e-05  -3.9501665e-06  -3.1209056e-05  -8.3921448e-04  -8.2934264e-04  -2.4313317e-04  -9.8248036e-04  -1.9253147e-04  -5.3550630e-05   1.2706329e-08  -4.3257696e-08  -9.2314089e-08  -3.4286320e-06   2.2900260e-06   5.2656151e-06   0.0000000e+00   0.0000000e+00   0.0000000e+00   0.0000000e+00   0.0000000e+00   0.0000000e+00   0.0000000e+00   0.0000000e+00
   2.0831794e-05   2.0411260e-05  -4.9458695e-06  -2.9992054e-05  -6.5268681e-04  -9.2813838e-04  -4.8237748e-04  -7.0268183e-04  -5.9583498e-04  -3.7354225e-04  -8.4005780e-09  -1.6780499e-08  -7.4183916e-08  -2.4659848e-06   1.4211024e-06   1.6622539e-06   0.0000000e+00   0.0000000e+00   0.0000000e+00   0.0000000e+00   0.0000000e+00   0.0000000e+00   0.0000000e+00   0.0000000e+00
  -3.9501665e-06  -4.9458695e-06   7.8429512e-06   1.6191396e-05   5.6015892e-04   2.1373268e-04   2.5523419e-04   6.7026401e-04   5.2633113e-06   3.7461511e-04  -6.7795503e-09  -1.5048950e-09   2.1940039e-08   1.5967114e-06   8.8041027e-08   2.3930668e-06   0.0000000e+00   0.0000000e+00   0.0000000e+00   0.0000000e+00   0.0000000e+00   0.0000000e+00   0.0000000e+00   0.0000000e+00
  -3.1209056e-05  -2.9992054e-05   1.6191396e-05   8.0913487e-05   1.5135393e-03   1.1204474e-03   1.0557021e-03   1.3661925e-03   2.8757633e-05   1.0103047e-03   1.9337232e-08   5.5485987e-08   1.2044062e-07   6.5183190e-06  -3.0099534e-06   5.8624014e-06   0.0000000e+00   0.0000000e+00   0.0000000e+00   0.0000000e+00   0.0000000e+00   0.0000000e+00   0.0000000e+00   0.0000000e+00
  -8.3921448e-04  -6.5268681e-04   5.6015892e-04   1.5135393e-03   9.7636014e-02   2.8560841e-02   1.7508645e-02   1.5599743e-01  -1.0903480e-02   2.5116283e-02   1.4557939e-06  -5.6260649e-08   3.3954657e-06   1.5799345e-05   2.7402892e-05   4.2776723e-05   0.0000000e+00   0.0000000e+00   0.0000000e+00   0.0000000e+00   0.0000000e+00   0.0000000e+00   0.0000000e+00   0.0000000e+00
  -8.2934264e-04  -9.2813838e-04   2.1373268e-04   1.1204474e-03   2.8560841e-02   8.8957101e-02   3.2428481e-02   4.4772238e-02   1.2601911e-01   2.9187419e-02   1.4154886e-06   2.0407085e-06   2.5785628e-06   1.2889613e-05  -1.6785429e-04  -7.1130213e-05   0.0000000e+00   0.0000000e+00   0.0000000e+00   0.0000000e+00   0.0000000e+00   0.0000000e+00   0.0000000e+00   0.0000000e+00
  -2.4313317e-04  -4.8237748e-04   2.5523419e-04   1.0557021e-03   1.7508645e-02   3.2428481e-02   5.4590188e-02   2.0757385e-02   3.0728448e-02   9.4110310e-02   7.1206273e-07   1.2796793e-06   1.1016053e-06   4.5459565e-05  -1.1517228e-04   1.0517658e-04   0.0000000e+00   0.0000000e+00   0.0000000e+00   0.0000000e+00   0.0000000e+00   0.0000000e+00   0.0000000e+00   0.0000000e+00
  -9.8248036e-04  -7.0268183e-04   6.7026401e-04   1.3661925e-03   1.5599743e-01   4.4772238e-02   2.0757385e-02   4.7772837e-01   3.6897378e-03   3.5016276e-02   1.5812172e-06  -2.6855349e-07   3.7995485e-06  -3.6774039e-05  -7.4807235e-06  -4.9829951e-06   0.0000000e+00   0.0000000e+00   0.0000000e+00   0.0000000e+00   0.0000000e+00   0.0000000e+00   0.0000000e+00   0.0000000e+00
  -1.9253147e-04  -5.9583498e-04   5.2633113e-06   2.8757633e-05  -1.0903480e-02   1.2601911e-01   3.0728448e-02   3.6897378e-03   4.4220725e-01   2.8821956e-02   1.3332773e-06   1.2938640e-06   4.2561885e-07  -2.2545410e-05  -1.7155381e-04  -8.3901687e-05   0.0000000e+00   0.0000000e+00   0.0000000e+00   0.0000000e+00   0.0000000e+00   0.0000000e+00   0.0000000e+00   0.0000000e+00
  -5.3550630e-05  -3.7354225e-04   3.7461511e-04   1.0103047e-03   2.5116283e-02   2.9187419e-02   9.4110310e-02   3.5016276e-02   2.8821956e-02   3.3432046e-01   6.4037715e-07   8.2613985e-07   7.2575619e-07   3.2998960e-05  -1.1185039e-04   1.4193391e-04   0.0000000e+00   0.0000000e+00   0.0000000e+00   0.0000000e+00   0.0000000e+00   0.0000000e+00   0.0000000e+00   0.0000000e+00
   1.2706329e-08  -8.4005780e-09  -6.7795503e-09   1.9337232e-08   1.4557939e-06   1.4154886e-06   7.1206273e-07   1.5812172e-06   1.3332773e-06   6.4037715e-07   4.8873311e-10  -1.7299344e-11   1.5827731e-11  -2.0229551e-08   4.1040682e-09   6.3708616e-09   0.0000000e+00   0.0000000e+00   0.0000000e+00   0.0000000e+00   0.0000000e+00   0.0000000e+00   0.0000000e+00   0.0000000e+00
  -4.3257696e-08  -1.6780499e-08  -1.5048950e-09   5.5485987e-08  -5.6260649e-08   2.0407085e-06   1.2796793e-06  -2.6855349e-07   1.2938640e-06   8.2613985e-07  -1.7299344e-11   4.9968102e-10  -1.7897876e-11  -4.1712608e-10  -2.3675222e-08  -2.7616833e-09   0.0000000e+00   0.0000000e+00   0.0000000e+00   0.0000000e+00   0.0000000e+00   0.0000000e+00   0.0000000e+00   0.0000000e+00
  -9.2314089e-08  -7.4183916e-08   2.1940039e-08   1.2044062e-07   3.3954657e-06   2.5785628e-06   1.1016053e-06   3.7995485e-06   4.2561885e-07   7.2575619e-07   1.5827731e-11  -1.7897876e-11   3.5909054e-10   1.2073305e-08   3.3687625e-10  -8.7792653e-09   0.0000000e+00   0.0000000e+00   0.0000000e+00   0.0000000e+00   0.0000000e+00   0.0000000e+00   0.0000000e+00   0.0000000e+00
  -3.4286320e-06  -2.4659848e-06   1.5967114e-06   6.5183190e-06   1.5799345e-05   1.2889613e-05   4.5459565e-05  -3.6774039e-05  -2.2545410e-05   3.2998960e-05  -2.0229551e-08  -4.1712608e-10   1.2073305e-08   1.9449881e-06  -1.9188084e-07   2.0322993e-07   0.0000000e+00   0.0000000e+00   0.0000000e+00   0.0000000e+00   0.0000000e+00   0.0000000e+00   0.0000000e+00   0.0000000e+00
   2.2900260e-06   1.4211024e-06   8.8041027e-08  -3.0099534e-06   2.7402892e-05  -1.6785429e-04  -1.1517228e-04  -7.4807235e-06  -1.7155381e-04  -1.1185039e-04   4.1040682e-09  -2.3675222e-08   3.3687625e-10  -1.9188084e-07   1.5222196e-06   1.5778799e-07   0.0000000e+00   0.0000000e+00   0.0000000e+00   0.0000000e+00   0.0000000e+00   0.0000000e+00   0.0000000e+00   0.0000000e+00
   5.2656151e-06   1.6622539e-06   2.3930668e-06   5.8624014e-06   4.2776723e-05  -7.1130213e-05   1.0517658e-04  -4.9829951e-06  -8.3901687e-05   1.4193391e-04   6.3708616e-09  -2.7616833e-09  -8.7792653e-09   2.0322993e-07   1.5778799e-07   3.3787740e-06   0.0000000e+00   0.0000000e+00   0.0000000e+00   0.0000000e+00   0.0000000e+00   0.0000000e+00   0.0000000e+00   0.0000000e+00
   0.0000000e+00   0.0000000e+00   0.0000000e+00   0.0000000e+00   0.0000000e+00   0.0000000e+00   0.0000000e+00   0.0000000e+00   0.0000000e+00   0.0000000e+00   0.0000000e+00   0.0000000e+00   0.0000000e+00   0.0000000e+00   0.0000000e+00   0.0000000e+00   6.4008522e+01   0.0000000e+00   0.0000000e+00   0.0000000e+00   0.0000000e+00   0.0000000e+00   0.0000000e+00   0.0000000e+00
   0.0000000e+00   0.0000000e+00   0.0000000e+00   0.0000000e+00   0.0000000e+00   0.0000000e+00   0.0000000e+00   0.0000000e+00   0.0000000e+00   0.0000000e+00   0.0000000e+00   0.0000000e+00   0.0000000e+00   0.0000000e+00   0.0000000e+00   0.0000000e+00   0.0000000e+00   6.4008522e+01   0.0000000e+00   0.0000000e+00   0.0000000e+00   0.0000000e+00   0.0000000e+00   0.0000000e+00
   0.0000000e+00   0.0000000e+00   0.0000000e+00   0.0000000e+00   0.0000000e+00   0.0000000e+00   0.0000000e+00   0.0000000e+00   0.0000000e+00   0.0000000e+00   0.0000000e+00   0.0000000e+00   0.0000000e+00   0.0000000e+00   0.0000000e+00   0.0000000e+00   0.0000000e+00   0.0000000e+00   4.0000000e+02   0.0000000e+00   0.0000000e+00   0.0000000e+00   0.0000000e+00   0.0000000e+00
   0.0000000e+00   0.0000000e+00   0.0000000e+00   0.0000000e+00   0.0000000e+00   0.0000000e+00   0.0000000e+00   0.0000000e+00   0.0000000e+00   0.0000000e+00   0.0000000e+00   0.0000000e+00   0.0000000e+00   0.0000000e+00   0.0000000e+00   0.0000000e+00   0.0000000e+00   0.0000000e+00   0.0000000e+00   4.0000000e+02   0.0000000e+00   0.0000000e+00   0.0000000e+00   0.0000000e+00
   0.0000000e+00   0.0000000e+00   0.0000000e+00   0.0000000e+00   0.0000000e+00   0.0000000e+00   0.0000000e+00   0.0000000e+00   0.0000000e+00   0.0000000e+00   0.0000000e+00   0.0000000e+00   0.0000000e+00   0.0000000e+00   0.0000000e+00   0.0000000e+00   0.0000000e+00   0.0000000e+00   0.0000000e+00   0.0000000e+00   4.0000000e+02   0.0000000e+00   0.0000000e+00   0.0000000e+00
   0.0000000e+00   0.0000000e+00   0.0000000e+00   0.0000000e+00   0.0000000e+00   0.0000000e+00   0.0000000e+00   0.0000000e+00   0.0000000e+00   0.0000000e+00   0.0000000e+00   0.0000000e+00   0.0000000e+00   0.0000000e+00   0.0000000e+00   0.0000000e+00   0.0000000e+00   0.0000000e+00   0.0000000e+00   0.0000000e+00   0.0000000e+00   4.0123959e+02   0.0000000e+00   0.0000000e+00
   0.0000000e+00   0.0000000e+00   0.0000000e+00   0.0000000e+00   0.0000000e+00   0.0000000e+00   0.0000000e+00   0.0000000e+00   0.0000000e+00   0.0000000e+00   0.0000000e+00   0.0000000e+00   0.0000000e+00   0.0000000e+00   0.0000000e+00   0.0000000e+00   0.0000000e+00   0.0000000e+00   0.0000000e+00   0.0000000e+00   0.0000000e+00   0.0000000e+00   4.0123959e+02   0.0000000e+00
   0.0000000e+00   0.0000000e+00   0.0000000e+00   0.0000000e+00   0.0000000e+00   0.0000000e+00   0.0000000e+00   0.0000000e+00   0.0000000e+00   0.0000000e+00   0.0000000e+00   0.0000000e+00   0.0000000e+00   0.0000000e+00   0.0000000e+00   0.0000000e+00   0.0000000e+00   0.0000000e+00   0.0000000e+00   0.0000000e+00   0.0000000e+00   0.0000000e+00   0.0000000e+00   4.0123959e+02
