   2.8729777113767341e-05   1.8570070096757263e-05  -5.4579791139985900e-06  -3.2710257073631510e-05  -8.6283043492585421e-04  -7.8218895941972733e-04  -2.7573882834985852e-04  -1.0233860230073333e-03  -1.3764754112344235e-04  -1.3248375034891069e-04   1.8424652026283184e-08  -4.4093145135093437e-08  -8.0935450341712567e-08  -3.5704831589100650e-06   2.4797841433610301e-06   3.2034588457463542e-06   0.0000000000000000e+00   0.0000000000000000e+00   0.0000000000000000e+00   0.0000000000000000e+00   0.0000000000000000e+00   0.0000000000000000e+00   0.0000000000000000e+00   0.0000000000000000e+00
   1.8570070096757263e-05   1.8112710677087307e-05  -4.8754100134829059e-06  -2.7324877009959891e-05  -6.4431189093738794e-04  -8.7188545148819685e-04  -4.2777779162861407e-04  -7.1930221747606993e-04  -5.3767149802297354e-04  -3.2777874730527401e-04  -8.7532354697827941e-09  -1.7202335556021353e-08  -5.9163998145095320e-08  -2.1127320906089153e-06   1.4476707974608871e-06   1.1889636652995250e-06   0.0000000000000000e+00   0.0000000000000000e+00   0.0000000000000000e+00   0.0000000000000000e+00   0.0000000000000000e+00   0.0000000000000000e+00   0.0000000000000000e+00   0.0000000000000000e+00
  -5.4579791139985900e-06  -4.8754100134829059e-06   7.3599617280706298e-06   1.4857183487038128e-05   5.7212845422327518e-04   2.1305722475517541e-04   1.9753680680878460e-04   6.9170002825558186e-04  -1.3425294127955567e-05   2.9408867703750730e-04  -9.6344643374379757e-10  -3.3734572912891281e-09   1.0661389993060766e-08   1.6574350638620672e-06   4.4569603119271051e-08   1.6845306163304485e-06   0.0000000000000000e+00   0.0000000000000000e+00   0.0000000000000000e+00   0.0000000000000000e+00   0.0000000000000000e+00   0.0000000000000000e+00   0.0000000000000000e+00   0.0000000000000000e+00
  -3.2710257073631510e-05  -2.7324877009959891e-05   1.4857183487038128e-05   7.4070638220291585e-05   1.5441819559782743e-03   1.0883491486310959e-03   8.6885062046349049e-04   1.4796670293435454e-03  -5.4184420150704682e-05   7.8102829866111279e-04   3.3547440381198612e-08   5.2997172872437659e-08   7.3763509078617062e-08   6.0861739257234149e-06  -3.4242527817696100e-06   4.4402213461580686e-06   0.0000000000000000e+00   0.0000000000000000e+00   0.0000000000000000e+00   0.0000000000000000e+00   0.0000000000000000e+00   0.0000000000000000e+00   0.0000000000000000e+00   0.0000000000000000e+00
  -8.6283043492585421e-04  -6.4431189093738794e-04   5.7212845422327518e-04   1.5441819559782743e-03   1.0050959885120392e-01   2.9456332325935364e-02   1.6290105879306793e-02   1.6052272915840149e-01  -1.1558322235941887e-02   2.3687433451414108e-02   1.7208031977133942e-06  -1.9417744567817863e-07   2.7645410227705725e-06   2.4898932679207064e-05   2.3813703592168167e-05   5.1086681196466088e-05   0.0000000000000000e+00   0.0000000000000000e+00   0.0000000000000000e+00   0.0000000000000000e+00   0.0000000000000000e+00   0.0000000000000000e+00   0.0000000000000000e+00   0.0000000000000000e+00
  -7.8218895941972733e-04  -8.7188545148819685e-04   2.1305722475517541e-04   1.0883491486310959e-03   2.9456332325935364e-02   8.8947772979736328e-02   3.1646728515625000e-02   4.6441785991191864e-02   1.2548375129699707e-01   2.8705665841698647e-02   1.3692779248231091e-06   2.2952749532123562e-06   2.3303821308218176e-06  -3.0334981602209155e-06  -1.7680824385024607e-04  -5.5603657528990880e-05   0.0000000000000000e+00   0.0000000000000000e+00   0.0000000000000000e+00   0.0000000000000000e+00   0.0000000000000000e+00   0.0000000000000000e+00   0.0000000000000000e+00   0.0000000000000000e+00
  -2.7573882834985852e-04  -4.2777779162861407e-04   1.9753680680878460e-04   8.6885062046349049e-04   1.6290105879306793e-02   3.1646728515625000e-02   5.0082758069038391e-02   2.0531013607978821e-02   3.0076738446950912e-02   8.7848871946334839e-02   1.0095130846821121e-06   1.3637497886520578e-06   4.2828989421650476e-07   2.3875942133599892e-05  -1.2019630230497569e-04   6.0897407820448279e-05   0.0000000000000000e+00   0.0000000000000000e+00   0.0000000000000000e+00   0.0000000000000000e+00   0.0000000000000000e+00   0.0000000000000000e+00   0.0000000000000000e+00   0.0000000000000000e+00
  -1.0233860230073333e-03  -7.1930221747606993e-04   6.9170002825558186e-04   1.4796670293435454e-03   1.6052272915840149e-01   4.6441785991191864e-02   2.0531013607978821e-02   4.8428267240524292e-01   2.9702200554311275e-03   3.4837033599615097e-02   1.8387352156423731e-06  -2.8086134307159227e-07   3.4676988889259519e-06  -2.6182928195339628e-05  -1.0539335562498309e-05   1.1017093129339628e-05   0.0000000000000000e+00   0.0000000000000000e+00   0.0000000000000000e+00   0.0000000000000000e+00   0.0000000000000000e+00   0.0000000000000000e+00   0.0000000000000000e+00   0.0000000000000000e+00
  -1.3764754112344235e-04  -5.3767149802297354e-04  -1.3425294127955567e-05  -5.4184420150704682e-05  -1.1558322235941887e-02   1.2548375129699707e-01   3.0076738446950912e-02   2.9702200554311275e-03   4.4294711947441101e-01   2.8527591377496719e-02   1.1711648539858288e-06   1.6815669141578837e-06   5.4143617944646394e-07  -5.1586426707217470e-05  -1.7629902868065983e-04  -8.3267164882272482e-05   0.0000000000000000e+00   0.0000000000000000e+00   0.0000000000000000e+00   0.0000000000000000e+00   0.0000000000000000e+00   0.0000000000000000e+00   0.0000000000000000e+00   0.0000000000000000e+00
  -1.3248375034891069e-04  -3.2777874730527401e-04   2.9408867703750730e-04   7.8102829866111279e-04   2.3687433451414108e-02   2.8705665841698647e-02   8.7848871946334839e-02   3.4837033599615097e-02   2.8527591377496719e-02   3.2500675320625305e-01   1.0919228543571080e-06   9.2082950686744880e-07  -4.3436759966652971e-08   8.0815862020244822e-06  -1.1545133020263165e-04   7.3868883191607893e-05   0.0000000000000000e+00   0.0000000000000000e+00   0.0000000000000000e+00   0.0000000000000000e+00   0.0000000000000000e+00   0.0000000000000000e+00   0.0000000000000000e+00   0.0000000000000000e+00
   1.8424652026283184e-08  -8.7532354697827941e-09  -9.6344643374379757e-10   3.3547440381198612e-08   1.7208031977133942e-06   1.3692779248231091e-06   1.0095130846821121e-06   1.8387352156423731e-06   1.1711648539858288e-06   1.0919228543571080e-06   4.8006260078281571e-10  -4.3055364828958886e-11  -8.1838599482256247e-13  -1.8745252461371820e-08   4.6067483161493783e-09   1.1817151701620787e-08   0.0000000000000000e+00   0.0000000000000000e+00   0.0000000000000000e+00   0.0000000000000000e+00   0.0000000000000000e+00   0.0000000000000000e+00   0.0000000000000000e+00   0.0000000000000000e+00
  -4.4093145135093437e-08  -1.7202335556021353e-08  -3.3734572912891281e-09   5.2997172872437659e-08  -1.9417744567817863e-07   2.2952749532123562e-06   1.3637497886520578e-06  -2.8086134307159227e-07   1.6815669141578837e-06   9.2082950686744880e-07  -4.3055364828958886e-11   5.1839943449039083e-10   9.1467770857445174e-12  -7.6365147538837164e-10  -2.5618829724294301e-08  -3.7256291385290297e-09   0.0000000000000000e+00   0.0000000000000000e+00   0.0000000000000000e+00   0.0000000000000000e+00   0.0000000000000000e+00   0.0000000000000000e+00   0.0000000000000000e+00   0.0000000000000000e+00
  -8.0935450341712567e-08  -5.9163998145095320e-08   1.0661389993060766e-08   7.3763509078617062e-08   2.7645410227705725e-06   2.3303821308218176e-06   4.2828989421650476e-07   3.4676988889259519e-06   5.4143617944646394e-07  -4.3436759966652971e-08  -8.1838599482256247e-13   9.1467770857445174e-12   3.1390468002712169e-10   6.1513483196051766e-09  -4.1856029059372801e-11  -1.4244863955070741e-08   0.0000000000000000e+00   0.0000000000000000e+00   0.0000000000000000e+00   0.0000000000000000e+00   0.0000000000000000e+00   0.0000000000000000e+00   0.0000000000000000e+00   0.0000000000000000e+00
  -3.5704831589100650e-06  -2.1127320906089153e-06   1.6574350638620672e-06   6.0861739257234149e-06   2.4898932679207064e-05  -3.0334981602209155e-06   2.3875942133599892e-05  -2.6182928195339628e-05  -5.1586426707217470e-05   8.0815862020244822e-06  -1.8745252461371820e-08  -7.6365147538837164e-10   6.1513483196051766e-09   1.9817109659925336e-06  -2.1397224259089853e-07   1.4061052411307173e-07   0.0000000000000000e+00   0.0000000000000000e+00   0.0000000000000000e+00   0.0000000000000000e+00   0.0000000000000000e+00   0.0000000000000000e+00   0.0000000000000000e+00   0.0000000000000000e+00
   2.4797841433610301e-06   1.4476707974608871e-06   4.4569603119271051e-08  -3.4242527817696100e-06   2.3813703592168167e-05  -1.7680824385024607e-04  -1.2019630230497569e-04  -1.0539335562498309e-05  -1.7629902868065983e-04  -1.1545133020263165e-04   4.6067483161493783e-09  -2.5618829724294301e-08  -4.1856029059372801e-11  -2.1397224259089853e-07   1.6392606312365388e-06   1.2666072279898799e-07   0.0000000000000000e+00   0.0000000000000000e+00   0.0000000000000000e+00   0.0000000000000000e+00   0.0000000000000000e+00   0.0000000000000000e+00   0.0000000000000000e+00   0.0000000000000000e+00
   3.2034588457463542e-06   1.1889636652995250e-06   1.6845306163304485e-06   4.4402213461580686e-06   5.1086681196466088e-05  -5.5603657528990880e-05   6.0897407820448279e-05   1.1017093129339628e-05  -8.3267164882272482e-05   7.3868883191607893e-05   1.1817151701620787e-08  -3.7256291385290297e-09  -1.4244863955070741e-08   1.4061052411307173e-07   1.2666072279898799e-07   2.3439120013790671e-06   0.0000000000000000e+00   0.0000000000000000e+00   0.0000000000000000e+00   0.0000000000000000e+00   0.0000000000000000e+00   0.0000000000000000e+00   0.0000000000000000e+00   0.0000000000000000e+00
   0.0000000000000000e+00   0.0000000000000000e+00   0.0000000000000000e+00   0.0000000000000000e+00   0.0000000000000000e+00   0.0000000000000000e+00   0.0000000000000000e+00   0.0000000000000000e+00   0.0000000000000000e+00   0.0000000000000000e+00   0.0000000000000000e+00   0.0000000000000000e+00   0.0000000000000000e+00   0.0000000000000000e+00   0.0000000000000000e+00   0.0000000000000000e+00   6.4009437561035156e+01   0.0000000000000000e+00   0.0000000000000000e+00   0.0000000000000000e+00   0.0000000000000000e+00   0.0000000000000000e+00   0.0000000000000000e+00   0.0000000000000000e+00
   0.0000000000000000e+00   0.0000000000000000e+00   0.0000000000000000e+00   0.0000000000000000e+00   0.0000000000000000e+00   0.0000000000000000e+00   0.0000000000000000e+00   0.0000000000000000e+00   0.0000000000000000e+00   0.0000000000000000e+00   0.0000000000000000e+00   0.0000000000000000e+00   0.0000000000000000e+00   0.0000000000000000e+00   0.0000000000000000e+00   0.0000000000000000e+00   0.0000000000000000e+00   6.4009437561035156e+01   0.0000000000000000e+00   0.0000000000000000e+00   0.0000000000000000e+00   0.0000000000000000e+00   0.0000000000000000e+00   0.0000000000000000e+00
   0.0000000000000000e+00   0.0000000000000000e+00   0.0000000000000000e+00   0.0000000000000000e+00   0.0000000000000000e+00   0.0000000000000000e+00   0.0000000000000000e+00   0.0000000000000000e+00   0.0000000000000000e+00   0.0000000000000000e+00   0.0000000000000000e+00   0.0000000000000000e+00   0.0000000000000000e+00   0.0000000000000000e+00   0.0000000000000000e+00   0.0000000000000000e+00   0.0000000000000000e+00   0.0000000000000000e+00   4.0000000000000000e+02   0.0000000000000000e+00   0.0000000000000000e+00   0.0000000000000000e+00   0.0000000000000000e+00   0.0000000000000000e+00
   0.0000000000000000e+00   0.0000000000000000e+00   0.0000000000000000e+00   0.0000000000000000e+00   0.0000000000000000e+00   0.0000000000000000e+00   0.0000000000000000e+00   0.0000000000000000e+00   0.0000000000000000e+00   0.0000000000000000e+00   0.0000000000000000e+00   0.0000000000000000e+00   0.0000000000000000e+00   0.0000000000000000e+00   0.0000000000000000e+00   0.0000000000000000e+00   0.0000000000000000e+00   0.0000000000000000e+00   0.0000000000000000e+00   4.0000000000000000e+02   0.0000000000000000e+00   0.0000000000000000e+00   0.0000000000000000e+00   0.0000000000000000e+00
   0.0000000000000000e+00   0.0000000000000000e+00   0.0000000000000000e+00   0.0000000000000000e+00   0.0000000000000000e+00   0.0000000000000000e+00   0.0000000000000000e+00   0.0000000000000000e+00   0.0000000000000000e+00   0.0000000000000000e+00   0.0000000000000000e+00   0.0000000000000000e+00   0.0000000000000000e+00   0.0000000000000000e+00   0.0000000000000000e+00   0.0000000000000000e+00   0.0000000000000000e+00   0.0000000000000000e+00   0.0000000000000000e+00   0.0000000000000000e+00   4.0000000000000000e+02   0.0000000000000000e+00   0.0000000000000000e+00   0.0000000000000000e+00
   0.0000000000000000e+00   0.0000000000000000e+00   0.0000000000000000e+00   0.0000000000000000e+00   0.0000000000000000e+00   0.0000000000000000e+00   0.0000000000000000e+00   0.0000000000000000e+00   0.0000000000000000e+00   0.0000000000000000e+00   0.0000000000000000e+00   0.0000000000000000e+00   0.0000000000000000e+00   0.0000000000000000e+00   0.0000000000000000e+00   0.0000000000000000e+00   0.0000000000000000e+00   0.0000000000000000e+00   0.0000000000000000e+00   0.0000000000000000e+00   0.0000000000000000e+00   4.0137255859375000e+02   0.0000000000000000e+00   0.0000000000000000e+00
   0.0000000000000000e+00   0.0000000000000000e+00   0.0000000000000000e+00   0.0000000000000000e+00   0.0000000000000000e+00   0.0000000000000000e+00   0.0000000000000000e+00   0.0000000000000000e+00   0.0000000000000000e+00   0.0000000000000000e+00   0.0000000000000000e+00   0.0000000000000000e+00   0.0000000000000000e+00   0.0000000000000000e+00   0.0000000000000000e+00   0.0000000000000000e+00   0.0000000000000000e+00   0.0000000000000000e+00   0.0000000000000000e+00   0.0000000000000000e+00   0.0000000000000000e+00   0.0000000000000000e+00   4.0137255859375000e+02   0.0000000000000000e+00
   0.0000000000000000e+00   0.0000000000000000e+00   0.0000000000000000e+00   0.0000000000000000e+00   0.0000000000000000e+00   0.0000000000000000e+00   0.0000000000000000e+00   0.0000000000000000e+00   0.0000000000000000e+00   0.0000000000000000e+00   0.0000000000000000e+00   0.0000000000000000e+00   0.0000000000000000e+00   0.0000000000000000e+00   0.0000000000000000e+00   0.0000000000000000e+00   0.0000000000000000e+00   0.0000000000000000e+00   0.0000000000000000e+00   0.0000000000000000e+00   0.0000000000000000e+00   0.0000000000000000e+00   0.0000000000000000e+00   4.0137255859375000e+02
