   2.2498102956829393e-05   1.4449094029425197e-05  -4.4605472016660283e-06  -2.6868877851930478e-05  -6.2271210089419890e-04  -5.4575687476317509e-04  -2.1875406410951938e-04  -6.1315638514547954e-04   2.3950865793275858e-05  -1.0265681182009514e-04   9.8618389212406755e-09  -3.1615213883482741e-08  -6.3126089109236344e-08  -2.8913884524063619e-06   1.6211712009852776e-06   2.2402310427283894e-06  -1.0912276179318275e-04  -1.2477412374987709e-04   3.8366666555304371e-03   2.8792427247900819e-03  -3.2649126218659251e-03  -3.8707910079833190e-03   1.6507054235677006e-03  -3.7586760536691055e-03
   1.4449094029425197e-05   1.4860615272980547e-05  -3.9063618147971717e-06  -2.2694729736594661e-05  -4.2353310850092631e-04  -6.6079359025946480e-04  -3.6600610870707101e-04  -3.5653602502121325e-04  -3.5625056265880660e-04  -2.7854366438709516e-04  -9.4799002817515511e-09  -1.0394107511568991e-08  -4.6302500867040296e-08  -1.8430476395594107e-06   9.2977858232137965e-07   6.9494669263274344e-07  -8.1734909576861584e-05  -1.0787978940326945e-04   2.3707845433417201e-03   2.3375242597065975e-03  -9.9732105392001820e-04  -1.4863406645923522e-04   6.3778758027685541e-06  -9.8221488117538887e-04
  -4.4605472016660283e-06  -3.9063618147971717e-06   6.4689920814488451e-06   1.2852407860581631e-05   4.3825780088042833e-04   1.4117810293234380e-04   1.6940925243346018e-04   4.5852342878280165e-04  -8.2930531865143853e-05   2.5426675420870792e-04  -2.5090879636549865e-09  -3.1424129400451905e-09   7.5199662140499535e-09   1.6134493839945234e-06   9.0247305977393854e-08   1.5772118178925530e-06   4.0928806766864894e-05   4.0803725730608511e-05   2.7603946205412722e-03  -3.8278526957987182e-03  -2.8518026683669873e-03   5.5106817280553945e-04   3.4828335892049642e-04  -1.4634681892147403e-03
  -2.6868877851930478e-05  -2.2694729736594661e-05   1.2852407860581631e-05   6.5389238727840156e-05   1.1706005068839089e-03   8.0100544507645424e-04   7.6800449675362898e-04   8.9170104499542097e-04  -2.7134021490768650e-04   6.7834998821211399e-04   3.3299158279666307e-08   4.0647694550421401e-08   5.7281398422189672e-08   5.6055300015209505e-06  -2.5473910542527571e-06   4.7097212720218239e-06   1.5354425047085852e-04   2.3698880331117329e-04   3.5318778943653024e-03  -1.5501602692736312e-02  -8.0307171986347230e-03  -2.6819017744178471e-03  -5.9912732820731202e-03  -2.7089135664056861e-03
  -6.2271210089419890e-04  -4.2353310850092631e-04   4.3825780088042833e-04   1.1706005068839089e-03   7.5264582683369441e-02   1.3133108336067706e-02   1.0318522827214177e-02   1.1370404943749324e-01  -2.4954546870727189e-02   1.6696115839123747e-02   1.2726262452675552e-06  -2.8420030984118103e-07   1.9500776166834585e-06   2.6084857337634462e-05   3.9822484814801199e-05   5.1728033524121308e-05   8.9386282241258677e-03   5.1533147484390546e-03   1.9989241089460588e-01  -2.8310915820226557e-01  -9.5541672373520931e-02  -8.0524612567738935e-02   1.0526121995447210e-01  -3.8210156297981981e-02
  -5.4575687476317509e-04  -6.6079359025946480e-04   1.4117810293234380e-04   8.0100544507645424e-04   1.3133108336067706e-02   7.0347112836016759e-02   2.5288684693546094e-02   1.7845108248338105e-02   1.0478288973611266e-01   2.2662734136097491e-02   1.1719021319587847e-06   1.6977041788683748e-06   1.6120170926980383e-06  -7.9617006557058261e-07  -1.3398606841349996e-04  -3.3157076077567180e-05   4.3779575965348129e-03   6.4568852948827743e-03  -1.1182272962111281e-01   1.0574871124127634e-01   1.4397010578721994e-01  -1.1651963328898239e-01  -1.6199442147220483e-01   8.5494913918211485e-02
  -2.1875406410951938e-04  -3.6600610870707101e-04   1.6940925243346018e-04   7.6800449675362898e-04   1.0318522827214177e-02   2.5288684693546094e-02   4.7313387504735044e-02   1.0072978401724934e-02   2.2781302174034811e-02   8.4631530133979116e-02   8.6376452389263376e-07   1.0718378615424336e-06   2.7971868914749763e-07   3.1242486850143597e-05  -1.0118266187030868e-04   6.0577903132274830e-05   1.6098902949525809e-03   2.5145270483555630e-03   6.5162007040418773e-02  -7.8765704429426778e-02  -8.2336973040944131e-02  -1.2851153192989651e-01  -1.7504013151005984e-01  -5.2230525281794456e-02
  -6.1315638514547954e-04  -3.5653602502121325e-04   4.5852342878280165e-04   8.9170104499542097e-04   1.1370404943749324e-01   1.7845108248338105e-02   1.0072978401724934e-02   3.8870276845097540e-01  -1.7159165579080583e-02   2.2408333738893269e-02   1.1325613104418154e-06  -4.5969854625127480e-07   2.0849073825957022e-06  -1.5411455024150200e-05   2.0204263128107412e-05   1.7251668323297055e-05   2.0587832964956761e-02   5.6249549146741625e-03   2.5195954084396360e-01  -1.5356796264648437e-01   1.2054658718407154e-02  -4.8360776305198666e-02   1.5556758791208267e-01   1.5223664194345475e-02
   2.3950865793275858e-05  -3.5625056265880660e-04  -8.2930531865143853e-05  -2.7134021490768650e-04  -2.4954546870727189e-02   1.0478288973611266e-01   2.2781302174034811e-02  -1.7159165579080583e-02   4.1056016020476815e-01   2.0902053639292716e-02   7.8007010188230194e-07   1.1968980334131629e-06   4.3766038544390539e-08  -3.4689315866671678e-05  -1.4157542202156037e-04  -7.2363070794381206e-05   1.0529598593711853e-03   1.6045329468324779e-02  -2.2299046993255614e-01   4.4207780525088308e-01   2.2517827242612840e-01  -1.2128909036517144e-01  -1.2381156623363494e-01   8.7056945860385898e-02
  -1.0265681182009514e-04  -2.7854366438709516e-04   2.5426675420870792e-04   6.7834998821211399e-04   1.6696115839123747e-02   2.2662734136097491e-02   8.4631530133979116e-02   2.2408333738893269e-02   2.0902053639292716e-02   3.2081208731979127e-01   8.3754614138342726e-07   7.0154770583030766e-07  -1.0579794064824454e-07   2.0185380126349628e-05  -1.0070048709167168e-04   6.2490368582075457e-05   1.1634026444517075e-03   1.9093772768974304e-03   1.7060831025242806e-01  -7.7433114200830461e-02  -1.2667629256844520e-01  -1.3869768798351287e-01  -1.4334109365940095e-01  -9.3535841777920722e-02
   9.8618389212406755e-09  -9.4799002817515511e-09  -2.5090879636549865e-09   3.3299158279666307e-08   1.2726262452675552e-06   1.1719021319587847e-06   8.6376452389263376e-07   1.1325613104418154e-06   7.8007010188230194e-07   8.3754614138342726e-07   4.0595074099026529e-10  -9.1802537793839178e-12   9.9778310613807264e-12  -1.5512107154336263e-08   2.7156490389756982e-09   8.9980218831442471e-09   1.9326267874930636e-07   3.1271875400307181e-07   1.3676896742254030e-05  -6.6929965214512777e-06  -9.5812056315480731e-06  -4.9577134632272646e-05   2.7910414246434812e-07  -1.1380978321540169e-05
  -3.1615213883482741e-08  -1.0394107511568991e-08  -3.1424129400451905e-09   4.0647694550421401e-08  -2.8420030984118103e-07   1.6977041788683748e-06   1.0718378615424336e-06  -4.5969854625127480e-07   1.1968980334131629e-06   7.0154770583030766e-07  -9.1802537793839178e-12   4.2789696360724060e-10  -7.7538869422411061e-12  -1.9469057477294882e-09  -2.0577992643211473e-08  -1.7694109510912881e-09   1.0938649097624875e-07   5.7600736624863202e-08  -5.6897374633990694e-06   9.9742619568132795e-06   1.4908556295267772e-05  -1.5172240637184586e-06  -5.4117575928103179e-05   1.5067123968037777e-05
  -6.3126089109236344e-08  -4.6302500867040296e-08   7.5199662140499535e-09   5.7281398422189672e-08   1.9500776166834585e-06   1.6120170926980383e-06   2.7971868914749763e-07   2.0849073825957022e-06   4.3766038544390539e-08  -1.0579794064824454e-07   9.9778310613807264e-12  -7.7538869422411061e-12   2.5533552624568922e-10   4.5827928119024364e-09   1.4396934755467328e-09  -1.1449405867836049e-08   3.5768434258898196e-07   3.9846307231528044e-07  -1.5675797840231098e-05  -3.1234487778419862e-06   1.5710073057562113e-05   8.4147750385454856e-06   1.2315164894971531e-05   1.1580103091546334e-05
  -2.8913884524063619e-06  -1.8430476395594107e-06   1.6134493839945234e-06   5.6055300015209505e-06   2.6084857337634462e-05  -7.9617006557058261e-07   3.1242486850143597e-05  -1.5411455024150200e-05  -3.4689315866671678e-05   2.0185380126349628e-05  -1.5512107154336263e-08  -1.9469057477294882e-09   4.5827928119024364e-09   1.7855197409470628e-06  -1.3481079008670349e-07   2.7544240310817258e-07  -5.9418863429527846e-07   1.9231230908189900e-05  -3.0108742066659033e-04  -1.9163612741976976e-03  -1.0223869467154145e-03   2.2042193450033665e-03   1.0130497685167938e-04  -1.8232839647680521e-04
   1.6211712009852776e-06   9.2977858232137965e-07   9.0247305977393854e-08  -2.5473910542527571e-06   3.9822484814801199e-05  -1.3398606841349996e-04  -1.0118266187030868e-04   2.0204263128107412e-05  -1.4157542202156037e-04  -1.0070048709167168e-04   2.7156490389756982e-09  -2.0577992643211473e-08   1.4396934755467328e-09  -1.3481079008670349e-07   1.3480614295939512e-06   2.7367343946593792e-09  -3.2333866784028942e-06  -1.1948634437430883e-06   3.9845527498982847e-04  -5.6790740927681327e-04  -6.0584908351302147e-04  -1.6773123934399337e-04   2.8775914106518030e-03  -7.0977403083816171e-04
   2.2402310427283894e-06   6.9494669263274344e-07   1.5772118178925530e-06   4.7097212720218239e-06   5.1728033524121308e-05  -3.3157076077567180e-05   6.0577903132274830e-05   1.7251668323297055e-05  -7.2363070794381206e-05   6.2490368582075457e-05   8.9980218831442471e-09  -1.7694109510912881e-09  -1.1449405867836049e-08   2.7544240310817258e-07   2.7367343946593792e-09   2.0650311096641295e-06  -4.3707018448913004e-06   4.4007711039739661e-06   2.4382162373512983e-03  -2.5346465408802032e-03  -3.1005612108856440e-03  -1.7533415229991078e-03  -8.4868515841662884e-04  -1.9784665200859308e-03
  -1.0912276179318275e-04  -8.1734909576861584e-05   4.0928806766864894e-05   1.5354425047085852e-04   8.9386282241258677e-03   4.3779575965348129e-03   1.6098902949525809e-03   2.0587832964956761e-02   1.0529598593711853e-03   1.1634026444517075e-03   1.9326267874930636e-07   1.0938649097624875e-07   3.5768434258898196e-07  -5.9418863429527846e-07  -3.2333866784028942e-06  -4.3707018448913004e-06   1.8138729936718941e-02   1.2625720119103789e-03   3.6365077830851078e-03  -1.6849197447299957e-02   1.3810077682137489e-02  -1.0891011916100979e-02   5.4367928532883525e-04   8.9181438088417053e-03
  -1.2477412374987709e-04  -1.0787978940326945e-04   4.0803725730608511e-05   2.3698880331117329e-04   5.1533147484390546e-03   6.4568852948827743e-03   2.5145270483555630e-03   5.6249549146741625e-03   1.6045329468324779e-02   1.9093772768974304e-03   3.1271875400307181e-07   5.7600736624863202e-08   3.9846307231528044e-07   1.9231230908189900e-05  -1.1948634437430883e-06   4.4007711039739661e-06   1.2625720119103789e-03   2.4298041097164155e-02  -9.0669477358460426e-03  -5.0953533500432968e-02  -1.2698077596724033e-02  -2.4402722716331482e-02   4.9437945708632469e-03  -5.2239554934203625e-03
   3.8366666555304371e-03   2.3707845433417201e-03   2.7603946205412722e-03   3.5318778943653024e-03   1.9989241089460588e-01  -1.1182272962111281e-01   6.5162007040418773e-02   2.5195954084396360e-01  -2.2299046993255614e-01   1.7060831025242806e-01   1.3676896742254030e-05  -5.6897374633990694e-06  -1.5675797840231098e-05  -3.0108742066659033e-04   3.9845527498982847e-04   2.4382162373512983e-03   3.6365077830851078e-03  -9.0669477358460426e-03   1.5503111506314193e+01  -3.1789693832397461e+00  -3.4764784574508667e-01   2.0595660805702209e-01  -1.9362021684646606e+00  -5.6162490844726562e+00
   2.8792427247900819e-03   2.3375242597065975e-03  -3.8278526957987182e-03  -1.5501602692736312e-02  -2.8310915820226557e-01   1.0574871124127634e-01  -7.8765704429426778e-02  -1.5356796264648437e-01   4.4207780525088308e-01  -7.7433114200830461e-02  -6.6929965214512777e-06   9.9742619568132795e-06  -3.1234487778419862e-06  -1.9163612741976976e-03  -5.6790740927681327e-04  -2.5346465408802032e-03  -1.6849197447299957e-02  -5.0953533500432968e-02  -3.1789693832397461e+00   1.9108583117337140e+01  -8.8886213302612305e+00   7.9395228624343872e-01   8.3228893280029297e+00   1.4689486503601074e+01
  -3.2649126218659251e-03  -9.9732105392001820e-04  -2.8518026683669873e-03  -8.0307171986347230e-03  -9.5541672373520931e-02   1.4397010578721994e-01  -8.2336973040944131e-02   1.2054658718407154e-02   2.2517827242612840e-01  -1.2667629256844520e-01  -9.5812056315480731e-06   1.4908556295267772e-05   1.5710073057562113e-05  -1.0223869467154145e-03  -6.0584908351302147e-04  -3.1005612108856440e-03   1.3810077682137489e-02  -1.2698077596724033e-02  -3.4764784574508667e-01  -8.8886213302612305e+00   1.4109278454861155e+02   1.3591450452804565e+00  -5.6080551147460937e+01  -1.1535971832275391e+02
  -3.8707910079833190e-03  -1.4863406645923522e-04   5.5106817280553945e-04  -2.6819017744178471e-03  -8.0524612567738935e-02  -1.1651963328898239e-01  -1.2851153192989651e-01  -4.8360776305198666e-02  -1.2128909036517144e-01  -1.3869768798351287e-01  -4.9577134632272646e-05  -1.5172240637184586e-06   8.4147750385454856e-06   2.2042193450033665e-03  -1.6773123934399337e-04  -1.7533415229991078e-03  -1.0891011916100979e-02  -2.4402722716331482e-02   2.0595660805702209e-01   7.9395228624343872e-01   1.3591450452804565e+00   1.8005793652049110e+01   1.0656661987304687e+00   2.4799933433532715e+00
   1.6507054235677006e-03   6.3778758027685541e-06   3.4828335892049642e-04  -5.9912732820731202e-03   1.0526121995447210e-01  -1.6199442147220483e-01  -1.7504013151005984e-01   1.5556758791208267e-01  -1.2381156623363494e-01  -1.4334109365940095e-01   2.7910414246434812e-07  -5.4117575928103179e-05   1.2315164894971531e-05   1.0130497685167938e-04   2.8775914106518030e-03  -8.4868515841662884e-04   5.4367928532883525e-04   4.9437945708632469e-03  -1.9362021684646606e+00   8.3228893280029297e+00  -5.6080551147460937e+01   1.0656661987304687e+00   4.2215558132639927e+01   4.7958011627197266e+01
  -3.7586760536691055e-03  -9.8221488117538887e-04  -1.4634681892147403e-03  -2.7089135664056861e-03  -3.8210156297981981e-02   8.5494913918211485e-02  -5.2230525281794456e-02   1.5223664194345475e-02   8.7056945860385898e-02  -9.3535841777920722e-02  -1.1380978321540169e-05   1.5067123968037777e-05   1.1580103091546334e-05  -1.8232839647680521e-04  -7.0977403083816171e-04  -1.9784665200859308e-03   8.9181438088417053e-03  -5.2239554934203625e-03  -5.6162490844726562e+00   1.4689486503601074e+01  -1.1535971832275391e+02   2.4799933433532715e+00   4.7958011627197266e+01   1.1721326168488602e+02
